NO	TIME	POPULATION		DEGREE
0	13		1.000000		80
1	14		1.000000		12
2	13		1.000000		55
3	13		1.000000		12
4	13		1.000000		67
5	14		1.000000		95
6	14		1.000000		70
7	13		1.000000		46
8	13		1.000000		66
9	13		1.000000		68
10	13		1.000000		50
11	14		1.000000		31
12	13		1.000000		55
13	13		1.000000		22
14	13		1.000000		22
15	13		1.000000		28
16	13		1.000000		21
17	13		1.000000		28
18	13		1.000000		44
19	13		1.000000		31
20	13		1.000000		56
21	13		1.000000		33
22	13		1.000000		23
23	13		1.000000		13
24	13		1.000000		27
25	13		1.000000		20
26	13		1.000000		30
27	14		1.000000		17
28	13		1.000000		41
29	13		1.000000		55
30	14		1.000000		31
31	13		1.000000		33
32	13		1.000000		42
33	13		1.000000		25
34	13		1.000000		20
35	13		1.000000		37
36	13		1.000000		39
37	13		1.000000		72
38	13		1.000000		26
39	14		1.000000		13
40	14		1.000000		16
41	13		1.000000		16
42	13		1.000000		16
43	13		1.000000		31
44	13		1.000000		25
45	14		1.000000		9
46	13		1.000000		20
47	14		1.000000		31
48	13		1.000000		13
49	13		1.000000		16
50	14		1.000000		13
51	13		1.000000		29
52	13		1.000000		17
53	13		1.000000		20
54	13		1.000000		16
55	13		1.000000		49
56	14		1.000000		13
57	13		1.000000		4
58	13		1.000000		25
59	13		1.000000		16
60	13		1.000000		8
61	13		1.000000		5
62	14		1.000000		20
63	14		1.000000		14
64	13		1.000000		15
65	14		1.000000		17
66	13		1.000000		22
67	13		1.000000		37
68	13		1.000000		20
69	13		1.000000		15
70	13		1.000000		7
71	13		1.000000		11
72	13		1.000000		11
73	13		1.000000		11
74	13		1.000000		5
75	14		1.000000		15
76	13		1.000000		14
77	13		1.000000		18
78	13		1.000000		11
79	13		1.000000		20
80	13		1.000000		10
81	13		1.000000		17
82	13		1.000000		6
83	13		1.000000		14
84	13		1.000000		17
85	13		1.000000		15
86	14		1.000000		21
87	13		1.000000		14
88	13		1.000000		22
89	13		1.000000		17
90	13		1.000000		21
91	13		1.000000		13
92	13		1.000000		7
93	13		1.000000		17
94	13		1.000000		23
95	13		1.000000		14
96	13		1.000000		13
97	13		1.000000		6
98	13		1.000000		22
99	13		1.000000		11
100	13		1.000000		23
101	13		1.000000		13
102	13		1.000000		14
103	13		1.000000		13
104	13		1.000000		17
105	13		1.000000		12
106	13		1.000000		14
107	14		1.000000		13
108	13		1.000000		5
109	13		1.000000		9
110	13		1.000000		7
111	13		1.000000		12
112	13		1.000000		7
113	13		1.000000		11
114	13		1.000000		20
115	13		1.000000		8
116	13		1.000000		12
117	14		1.000000		13
118	13		1.000000		16
119	13		1.000000		17
120	13		1.000000		9
121	13		1.000000		15
122	13		1.000000		9
123	13		1.000000		15
124	13		1.000000		7
125	13		1.000000		8
126	13		1.000000		8
127	13		1.000000		15
128	14		1.000000		15
129	13		1.000000		18
130	13		1.000000		8
131	13		1.000000		10
132	13		1.000000		8
133	13		1.000000		7
134	13		1.000000		9
135	13		1.000000		12
136	13		1.000000		5
137	14		1.000000		9
138	13		1.000000		6
139	13		1.000000		19
140	14		1.000000		7
141	14		1.000000		11
142	13		1.000000		16
143	13		1.000000		6
144	13		1.000000		9
145	13		1.000000		5
146	13		1.000000		11
147	13		1.000000		10
148	13		1.000000		7
149	13		1.000000		9
150	13		1.000000		9
151	13		1.000000		4
152	13		1.000000		15
153	13		1.000000		9
154	13		1.000000		30
155	13		1.000000		10
156	13		1.000000		12
157	13		1.000000		4
158	13		1.000000		5
159	13		1.000000		7
160	13		1.000000		8
161	14		1.000000		13
162	13		1.000000		7
163	13		1.000000		12
164	13		1.000000		6
165	13		1.000000		9
166	13		1.000000		10
167	13		1.000000		7
168	14		1.000000		4
169	13		1.000000		4
170	13		1.000000		18
171	13		1.000000		8
172	13		1.000000		9
173	13		1.000000		4
174	13		1.000000		12
175	13		1.000000		4
176	13		1.000000		9
177	13		1.000000		12
178	13		1.000000		5
179	13		1.000000		8
180	13		1.000000		7
181	13		1.000000		7
182	14		1.000000		6
183	13		1.000000		6
184	14		1.000000		13
185	13		1.000000		7
186	13		1.000000		8
187	13		1.000000		6
188	13		1.000000		6
189	13		1.000000		13
190	13		1.000000		6
191	13		1.000000		13
192	13		1.000000		9
193	13		1.000000		7
194	13		1.000000		13
195	13		1.000000		8
196	13		1.000000		12
197	14		1.000000		7
198	13		1.000000		10
199	13		1.000000		8
200	13		1.000000		7
201	13		1.000000		7
202	13		1.000000		7
203	13		1.000000		11
204	13		1.000000		10
205	13		1.000000		10
206	13		1.000000		11
207	13		1.000000		8
208	13		1.000000		11
209	14		1.000000		14
210	13		1.000000		8
211	13		1.000000		8
212	13		1.000000		5
213	13		1.000000		6
214	13		1.000000		13
215	13		1.000000		10
216	13		1.000000		9
217	13		1.000000		9
218	13		1.000000		9
219	13		1.000000		8
220	13		1.000000		7
221	13		1.000000		19
222	14		1.000000		4
223	14		1.000000		5
224	14		1.000000		6
225	13		1.000000		7
226	13		1.000000		9
227	13		1.000000		9
228	13		1.000000		7
229	14		1.000000		8
230	13		1.000000		7
231	13		1.000000		8
232	13		1.000000		8
233	13		1.000000		8
234	13		1.000000		5
235	13		1.000000		8
236	14		1.000000		13
237	13		1.000000		6
238	14		1.000000		11
239	13		1.000000		7
240	13		1.000000		11
241	14		1.000000		9
242	13		1.000000		6
243	13		1.000000		9
244	13		1.000000		9
245	13		1.000000		13
246	14		1.000000		8
247	13		1.000000		9
248	14		1.000000		6
249	13		1.000000		9
250	13		1.000000		6
251	13		1.000000		8
252	13		1.000000		14
253	14		1.000000		11
254	13		1.000000		7
255	14		1.000000		9
256	13		1.000000		8
257	13		1.000000		7
258	13		1.000000		6
259	13		1.000000		10
260	13		1.000000		5
261	13		1.000000		7
262	13		1.000000		10
263	14		1.000000		9
264	14		1.000000		5
265	14		1.000000		7
266	13		1.000000		4
267	13		1.000000		5
268	13		1.000000		5
269	13		1.000000		13
270	13		1.000000		9
271	13		1.000000		5
272	13		1.000000		14
273	13		1.000000		9
274	14		1.000000		7
275	13		1.000000		9
276	13		1.000000		6
277	14		1.000000		5
278	14		1.000000		8
279	14		1.000000		7
280	13		1.000000		7
281	13		1.000000		5
282	13		1.000000		6
283	13		1.000000		8
284	13		1.000000		8
285	13		1.000000		9
286	15		1.000000		4
287	14		1.000000		8
288	14		1.000000		6
289	13		1.000000		4
290	14		1.000000		5
291	13		1.000000		7
292	13		1.000000		8
293	13		1.000000		16
294	13		1.000000		5
295	13		1.000000		7
296	14		1.000000		12
297	13		1.000000		8
298	13		1.000000		9
299	13		1.000000		6
300	13		1.000000		14
301	13		1.000000		7
302	14		1.000000		12
303	14		1.000000		7
304	13		1.000000		12
305	13		1.000000		6
306	13		1.000000		6
307	13		1.000000		7
308	13		1.000000		9
309	13		1.000000		8
310	13		1.000000		8
311	13		1.000000		6
312	13		1.000000		6
313	13		1.000000		4
314	14		1.000000		8
315	13		1.000000		7
316	13		1.000000		10
317	13		1.000000		7
318	13		1.000000		11
319	13		1.000000		4
320	14		1.000000		9
321	13		1.000000		5
322	13		1.000000		5
323	13		1.000000		5
324	13		1.000000		8
325	14		1.000000		4
326	13		1.000000		7
327	13		1.000000		7
328	13		1.000000		8
329	13		1.000000		5
330	13		1.000000		8
331	13		1.000000		8
332	13		1.000000		5
333	13		1.000000		7
334	14		1.000000		9
335	14		1.000000		5
336	13		1.000000		8
337	13		1.000000		8
338	13		1.000000		6
339	14		1.000000		5
340	13		1.000000		4
341	13		1.000000		8
342	13		1.000000		8
343	13		1.000000		7
344	13		1.000000		7
345	13		1.000000		6
346	13		1.000000		7
347	14		1.000000		5
348	13		1.000000		6
349	14		1.000000		6
350	13		1.000000		11
351	13		1.000000		6
352	13		1.000000		7
353	13		1.000000		12
354	14		1.000000		7
355	13		1.000000		5
356	14		1.000000		4
357	14		1.000000		6
358	14		1.000000		12
359	13		1.000000		7
360	13		1.000000		5
361	13		1.000000		5
362	14		1.000000		9
363	13		1.000000		7
364	13		1.000000		8
365	13		1.000000		6
366	13		1.000000		4
367	13		1.000000		8
368	14		1.000000		5
369	13		1.000000		7
370	13		1.000000		4
371	13		1.000000		6
372	13		1.000000		5
373	13		1.000000		6
374	13		1.000000		7
375	13		1.000000		10
376	14		1.000000		5
377	14		1.000000		5
378	13		1.000000		7
379	14		1.000000		4
380	13		1.000000		5
381	13		1.000000		6
382	13		1.000000		5
383	13		1.000000		8
384	13		1.000000		11
385	13		1.000000		8
386	13		1.000000		9
387	13		1.000000		7
388	13		1.000000		6
389	13		1.000000		7
390	13		1.000000		7
391	13		1.000000		8
392	13		1.000000		6
393	13		1.000000		4
394	13		1.000000		8
395	13		1.000000		4
396	13		1.000000		6
397	13		1.000000		14
398	13		1.000000		5
399	13		1.000000		4
400	13		1.000000		6
401	13		1.000000		6
402	13		1.000000		4
403	13		1.000000		4
404	13		1.000000		4
405	13		1.000000		7
406	14		1.000000		8
407	13		1.000000		5
408	13		1.000000		4
409	13		1.000000		8
410	13		1.000000		13
411	13		1.000000		6
412	13		1.000000		7
413	13		1.000000		5
414	13		1.000000		4
415	13		1.000000		5
416	13		1.000000		6
417	14		1.000000		5
418	13		1.000000		4
419	13		1.000000		5
420	13		1.000000		7
421	13		1.000000		4
422	13		1.000000		6
423	14		1.000000		12
424	13		1.000000		4
425	13		1.000000		5
426	13		1.000000		4
427	13		1.000000		6
428	13		1.000000		5
429	14		1.000000		5
430	13		1.000000		5
431	13		1.000000		6
432	14		1.000000		5
433	13		1.000000		4
434	13		1.000000		5
435	13		1.000000		4
436	13		1.000000		4
437	13		1.000000		4
438	13		1.000000		11
439	13		1.000000		7
440	13		1.000000		4
441	13		1.000000		4
442	13		1.000000		5
443	13		1.000000		5
444	13		1.000000		5
445	13		1.000000		6
446	14		1.000000		6
447	13		1.000000		4
448	13		1.000000		4
449	13		1.000000		5
450	13		1.000000		4
451	13		1.000000		5
452	14		1.000000		7
453	13		1.000000		7
454	13		1.000000		6
455	13		1.000000		6
456	13		1.000000		6
457	13		1.000000		8
458	13		1.000000		5
459	13		1.000000		7
460	13		1.000000		5
461	14		1.000000		5
462	13		1.000000		5
463	13		1.000000		8
464	13		1.000000		7
465	13		1.000000		7
466	13		1.000000		4
467	13		1.000000		4
468	13		1.000000		4
469	13		1.000000		7
470	13		1.000000		8
471	13		1.000000		5
472	13		1.000000		4
473	13		1.000000		5
474	13		1.000000		6
475	13		1.000000		5
476	13		1.000000		4
477	13		1.000000		5
478	13		1.000000		5
479	13		1.000000		8
480	14		1.000000		9
481	13		1.000000		6
482	13		1.000000		7
483	14		1.000000		4
484	13		1.000000		7
485	13		1.000000		4
486	13		1.000000		6
487	14		1.000000		5
488	14		1.000000		4
489	13		1.000000		6
490	13		1.000000		7
491	13		1.000000		5
492	13		1.000000		6
493	13		1.000000		6
494	13		1.000000		8
495	13		1.000000		6
496	13		1.000000		8
497	14		1.000000		6
498	13		1.000000		5
499	13		1.000000		5
500	14		1.000000		7
501	13		1.000000		5
502	14		1.000000		5
503	13		1.000000		5
504	14		1.000000		6
505	13		1.000000		5
506	13		1.000000		6
507	14		1.000000		4
508	13		1.000000		6
509	13		1.000000		8
510	13		1.000000		8
511	13		1.000000		5
512	13		1.000000		5
513	13		1.000000		5
514	13		1.000000		4
515	13		1.000000		4
516	13		1.000000		5
517	13		1.000000		4
518	13		1.000000		4
519	13		1.000000		8
520	13		1.000000		5
521	13		1.000000		5
522	13		1.000000		8
523	13		1.000000		5
524	13		1.000000		5
525	14		1.000000		5
526	14		1.000000		6
527	13		1.000000		5
528	13		1.000000		5
529	15		1.000000		4
530	13		1.000000		7
531	13		1.000000		6
532	13		1.000000		4
533	13		1.000000		8
534	13		1.000000		5
535	13		1.000000		6
536	13		1.000000		6
537	13		1.000000		4
538	13		1.000000		4
539	13		1.000000		7
540	13		1.000000		4
541	13		1.000000		5
542	14		1.000000		4
543	13		1.000000		6
544	13		1.000000		7
545	14		1.000000		6
546	13		1.000000		5
547	13		1.000000		5
548	14		1.000000		6
549	13		1.000000		5
550	13		1.000000		5
551	13		1.000000		4
552	13		1.000000		4
553	13		1.000000		7
554	13		1.000000		5
555	15		1.000000		7
556	13		1.000000		5
557	13		1.000000		6
558	13		1.000000		6
559	13		1.000000		4
560	13		1.000000		7
561	13		1.000000		10
562	14		1.000000		4
563	14		1.000000		8
564	14		1.000000		4
565	13		1.000000		4
566	13		1.000000		7
567	14		1.000000		4
568	13		1.000000		4
569	14		1.000000		4
570	13		1.000000		4
571	14		1.000000		5
572	13		1.000000		4
573	14		1.000000		5
574	13		1.000000		10
575	13		1.000000		4
576	13		1.000000		4
577	13		1.000000		5
578	13		1.000000		4
579	13		1.000000		4
580	13		1.000000		4
581	14		1.000000		5
582	13		1.000000		5
583	14		1.000000		5
584	14		1.000000		5
585	13		1.000000		6
586	13		1.000000		7
587	13		1.000000		5
588	13		1.000000		4
589	14		1.000000		6
590	13		1.000000		4
591	13		1.000000		9
592	14		1.000000		7
593	13		1.000000		7
594	13		1.000000		5
595	13		1.000000		6
596	13		1.000000		4
597	13		1.000000		4
598	14		1.000000		4
599	13		1.000000		8
600	13		1.000000		6
601	13		1.000000		5
602	14		1.000000		6
603	13		1.000000		5
604	13		1.000000		4
605	14		1.000000		8
606	13		1.000000		5
607	13		1.000000		5
608	13		1.000000		5
609	14		1.000000		6
610	13		1.000000		5
611	14		1.000000		5
612	13		1.000000		4
613	13		1.000000		4
614	13		1.000000		6
615	13		1.000000		4
616	13		1.000000		4
617	13		1.000000		5
618	13		1.000000		5
619	13		1.000000		5
620	13		1.000000		7
621	14		1.000000		4
622	13		1.000000		5
623	13		1.000000		4
624	13		1.000000		4
625	14		1.000000		4
626	13		1.000000		6
627	13		1.000000		7
628	14		1.000000		4
629	14		1.000000		7
630	13		1.000000		5
631	14		1.000000		4
632	13		1.000000		6
633	14		1.000000		4
634	13		1.000000		7
635	14		1.000000		4
636	13		1.000000		5
637	13		1.000000		4
638	13		1.000000		4
639	13		1.000000		7
640	13		1.000000		6
641	13		1.000000		5
642	13		1.000000		4
643	14		1.000000		4
644	13		1.000000		5
645	13		1.000000		4
646	13		1.000000		7
647	14		1.000000		5
648	13		1.000000		4
649	14		1.000000		4
650	14		1.000000		5
651	14		1.000000		4
652	13		1.000000		4
653	13		1.000000		5
654	13		1.000000		5
655	13		1.000000		6
656	13		1.000000		4
657	14		1.000000		4
658	13		1.000000		6
659	13		1.000000		6
660	13		1.000000		4
661	13		1.000000		5
662	14		1.000000		4
663	14		1.000000		4
664	13		1.000000		4
665	13		1.000000		5
666	13		1.000000		4
667	14		1.000000		5
668	13		1.000000		6
669	14		1.000000		5
670	13		1.000000		4
671	13		1.000000		4
672	13		1.000000		6
673	13		1.000000		4
674	14		1.000000		4
675	14		1.000000		4
676	14		1.000000		5
677	13		1.000000		4
678	13		1.000000		4
679	13		1.000000		5
680	14		1.000000		6
681	13		1.000000		5
682	14		1.000000		5
683	14		1.000000		6
684	13		1.000000		6
685	14		1.000000		4
686	13		1.000000		4
687	14		1.000000		4
688	14		1.000000		4
689	13		1.000000		4
690	13		1.000000		4
691	13		1.000000		5
692	13		1.000000		4
693	13		1.000000		5
694	13		1.000000		4
695	13		1.000000		6
696	13		1.000000		4
697	13		1.000000		6
698	14		1.000000		4
699	14		1.000000		5
700	13		1.000000		6
701	13		1.000000		4
702	13		1.000000		4
703	13		1.000000		5
704	14		1.000000		6
705	13		1.000000		4
706	13		1.000000		4
707	14		1.000000		4
708	13		1.000000		5
709	13		1.000000		4
710	14		1.000000		6
711	13		1.000000		4
712	13		1.000000		4
713	13		1.000000		7
714	13		1.000000		6
715	13		1.000000		5
716	13		1.000000		7
717	13		1.000000		5
718	13		1.000000		5
719	13		1.000000		5
720	13		1.000000		6
721	13		1.000000		4
722	14		1.000000		5
723	13		1.000000		4
724	13		1.000000		7
725	14		1.000000		5
726	14		1.000000		5
727	14		1.000000		4
728	13		1.000000		5
729	14		1.000000		4
730	13		1.000000		5
731	13		1.000000		4
732	13		1.000000		5
733	13		1.000000		6
734	13		1.000000		5
735	13		1.000000		4
736	14		1.000000		4
737	14		1.000000		4
738	13		1.000000		7
739	13		1.000000		4
740	13		1.000000		5
741	13		1.000000		4
742	14		1.000000		5
743	13		1.000000		4
744	14		1.000000		5
745	13		1.000000		6
746	13		1.000000		5
747	14		1.000000		4
748	13		1.000000		4
749	13		1.000000		4
750	13		1.000000		7
751	13		1.000000		4
752	14		1.000000		4
753	13		1.000000		5
754	13		1.000000		4
755	14		1.000000		4
756	13		1.000000		4
757	13		1.000000		4
758	13		1.000000		4
759	13		1.000000		4
760	13		1.000000		4
761	13		1.000000		4
762	13		1.000000		5
763	13		1.000000		4
764	13		1.000000		4
765	14		1.000000		4
766	13		1.000000		7
767	13		1.000000		5
768	13		1.000000		4
769	13		1.000000		5
770	13		1.000000		4
771	13		1.000000		4
772	13		1.000000		4
773	13		1.000000		4
774	13		1.000000		4
775	13		1.000000		4
776	13		1.000000		4
777	13		1.000000		4
778	13		1.000000		4
779	13		1.000000		4
780	13		1.000000		5
781	14		1.000000		6
782	13		1.000000		4
783	13		1.000000		5
784	13		1.000000		4
785	13		1.000000		4
786	13		1.000000		5
787	13		1.000000		4
788	14		1.000000		6
789	14		1.000000		4
790	13		1.000000		6
791	14		1.000000		5
792	13		1.000000		5
793	13		1.000000		4
794	14		1.000000		4
795	13		1.000000		4
796	13		1.000000		4
797	13		1.000000		4
798	14		1.000000		4
799	13		1.000000		5
800	13		1.000000		4
801	13		1.000000		6
802	14		1.000000		4
803	13		1.000000		5
804	13		1.000000		4
805	13		1.000000		4
806	14		1.000000		4
807	13		1.000000		4
808	14		1.000000		5
809	14		1.000000		4
810	13		1.000000		6
811	13		1.000000		6
812	13		1.000000		5
813	13		1.000000		4
814	13		1.000000		5
815	13		1.000000		4
816	13		1.000000		4
817	13		1.000000		5
818	14		1.000000		6
819	13		1.000000		5
820	13		1.000000		5
821	13		1.000000		4
822	13		1.000000		4
823	13		1.000000		4
824	13		1.000000		4
825	13		1.000000		4
826	13		1.000000		5
827	13		1.000000		4
828	14		1.000000		4
829	13		1.000000		4
830	13		1.000000		4
831	13		1.000000		4
832	13		1.000000		5
833	13		1.000000		4
834	13		1.000000		4
835	13		1.000000		7
836	13		1.000000		4
837	13		1.000000		4
838	13		1.000000		4
839	13		1.000000		4
840	13		1.000000		4
841	13		1.000000		6
842	13		1.000000		4
843	13		1.000000		4
844	13		1.000000		4
845	13		1.000000		7
846	13		1.000000		4
847	13		1.000000		4
848	13		1.000000		5
849	13		1.000000		4
850	13		1.000000		4
851	14		1.000000		5
852	14		1.000000		5
853	13		1.000000		4
854	13		1.000000		4
855	13		1.000000		4
856	13		1.000000		4
857	13		1.000000		4
858	13		1.000000		4
859	14		1.000000		5
860	13		1.000000		4
861	13		1.000000		4
862	13		1.000000		5
863	13		1.000000		5
864	13		1.000000		4
865	14		1.000000		5
866	13		1.000000		5
867	13		1.000000		4
868	13		1.000000		4
869	14		1.000000		4
870	13		1.000000		4
871	14		1.000000		4
872	13		1.000000		4
873	13		1.000000		5
874	13		1.000000		4
875	13		1.000000		5
876	14		1.000000		4
877	13		1.000000		4
878	13		1.000000		4
879	13		1.000000		4
880	13		1.000000		4
881	13		1.000000		4
882	14		1.000000		5
883	13		1.000000		4
884	13		1.000000		5
885	13		1.000000		4
886	13		1.000000		4
887	13		1.000000		5
888	13		1.000000		4
889	14		1.000000		4
890	13		1.000000		5
891	13		1.000000		4
892	13		1.000000		4
893	14		1.000000		4
894	13		1.000000		4
895	13		1.000000		4
896	14		1.000000		4
897	13		1.000000		4
898	13		1.000000		4
899	13		1.000000		4
900	13		1.000000		5
901	13		1.000000		4
902	14		1.000000		4
903	14		1.000000		4
904	13		1.000000		4
905	13		1.000000		5
906	14		1.000000		4
907	14		1.000000		4
908	13		1.000000		4
909	13		1.000000		4
910	13		1.000000		4
911	13		1.000000		4
912	13		1.000000		4
913	14		1.000000		4
914	13		1.000000		4
915	13		1.000000		4
916	13		1.000000		4
917	13		1.000000		4
918	13		1.000000		4
919	13		1.000000		5
920	13		1.000000		4
921	13		1.000000		4
922	13		1.000000		4
923	13		1.000000		5
924	13		1.000000		5
925	14		1.000000		4
926	13		1.000000		4
927	13		1.000000		4
928	13		1.000000		5
929	14		1.000000		4
930	14		1.000000		4
931	13		1.000000		4
932	13		1.000000		4
933	13		1.000000		4
934	13		1.000000		4
935	13		1.000000		4
936	13		1.000000		4
937	13		1.000000		4
938	13		1.000000		4
939	13		1.000000		5
940	13		1.000000		4
941	13		1.000000		4
942	13		1.000000		4
943	13		1.000000		4
944	13		1.000000		4
945	13		1.000000		4
946	13		1.000000		4
947	13		1.000000		4
948	14		1.000000		4
949	13		1.000000		4
950	13		1.000000		4
951	14		1.000000		4
952	13		1.000000		4
953	13		1.000000		4
954	13		1.000000		4
955	13		1.000000		4
956	13		1.000000		4
957	14		1.000000		4
958	14		1.000000		4
959	13		1.000000		4
960	14		1.000000		4
961	14		1.000000		4
962	13		1.000000		4
963	14		1.000000		4
964	13		1.000000		4
965	13		1.000000		4
966	14		1.000000		4
967	14		1.000000		4
968	14		1.000000		4
969	13		1.000000		4
970	14		1.000000		4
971	14		1.000000		4
972	13		1.000000		4
973	13		1.000000		4
974	13		1.000000		4
975	13		1.000000		5
976	13		1.000000		4
977	13		1.000000		4
978	13		1.000000		4
979	13		1.000000		4
980	13		1.000000		4
981	13		1.000000		4
982	13		1.000000		4
983	13		1.000000		5
984	13		1.000000		4
985	13		1.000000		4
986	13		1.000000		4
987	13		1.000000		4
988	13		1.000000		4
989	13		1.000000		4
990	13		1.000000		4
991	13		1.000000		4
992	14		1.000000		4
993	14		1.000000		4
994	14		1.000000		4
995	14		1.000000		4
996	13		1.000000		4
997	14		1.000000		4
998	14		1.000000		4
999	13		1.000000		4
