NO	TIME	POPULATION		DEGREE
0	14		0.992000		3
1	14		0.994000		3
2	15		0.994000		5
3	16		0.994000		3
4	15		0.994000		11
5	15		0.992000		4
6	14		0.994000		3
7	15		0.994000		4
8	16		0.994000		3
9	14		0.992000		5
10	15		0.994000		6
11	16		0.994000		6
12	15		0.994000		6
13	16		0.994000		8
14	14		0.993000		5
15	15		0.994000		9
16	15		0.994000		8
17	16		0.994000		4
18	15		0.994000		5
19	15		0.994000		10
20	15		0.994000		5
21	16		0.994000		10
22	14		0.993000		7
23	15		0.993000		3
24	15		0.994000		5
25	16		0.994000		8
26	15		0.994000		2
27	16		0.993000		5
28	14		0.993000		3
29	16		0.994000		4
30	15		0.994000		6
31	17		0.994000		1
32	15		0.994000		6
33	15		0.994000		7
34	15		0.994000		6
35	15		0.994000		2
36	15		0.994000		7
37	16		0.994000		7
38	14		0.994000		7
39	15		0.994000		5
40	14		0.994000		5
41	15		0.994000		6
42	14		0.994000		6
43	15		0.994000		3
44	15		0.994000		7
45	15		0.994000		3
46	14		0.994000		4
47	14		0.993000		5
48	15		0.994000		2
49	15		0.994000		2
50	15		0.994000		7
51	16		0.994000		4
52	14		0.994000		7
53	15		0.994000		10
54	15		0.994000		7
55	15		0.994000		4
56	16		0.994000		6
57	17		0.994000		3
58	14		0.994000		8
59	15		0.994000		7
60	17		0.994000		5
61	16		0.994000		1
62	14		0.993000		9
63	15		0.993000		4
64	14		0.994000		6
65	15		0.994000		2
66	17		0.994000		2
67	16		0.994000		5
68	14		0.994000		5
69	14		0.994000		5
70	16		0.994000		4
71	15		0.993000		6
72	16		0.993000		5
73	14		0.994000		4
74	14		0.994000		6
75	16		0.994000		5
76	14		0.994000		7
77	16		0.994000		6
78	14		0.994000		7
79	15		0.994000		4
80	15		0.994000		2
81	15		0.994000		7
82	15		0.994000		5
83	16		0.993000		1
84	15		0.994000		4
85	17		0.994000		2
86	16		0.994000		4
87	16		0.994000		1
88	15		0.994000		5
89	16		0.994000		6
90	14		0.993000		6
91	15		0.993000		4
92	14		0.993000		5
93	14		0.994000		9
94	14		0.994000		8
95	14		0.994000		11
96	16		0.994000		9
97	14		0.994000		5
98	15		0.993000		3
99	15		0.993000		5
100	14		0.993000		4
101	16		0.994000		4
102	15		0.992000		3
103	15		0.994000		7
104	15		0.993000		5
105	16		0.994000		3
106	15		0.994000		3
107	14		0.994000		3
108	14		0.994000		3
109	15		0.994000		4
110	15		0.994000		7
111	15		0.994000		6
112	15		0.994000		2
113	16		0.994000		7
114	15		0.994000		5
115	14		0.994000		7
116	15		0.994000		10
117	15		0.994000		7
118	15		0.994000		7
119	16		0.994000		4
120	15		0.994000		5
121	14		0.993000		8
122	15		0.994000		5
123	15		0.994000		5
124	15		0.993000		5
125	16		0.994000		5
126	15		0.994000		4
127	15		0.994000		4
128	16		0.994000		4
129	15		0.994000		2
130	15		0.993000		5
131	15		0.994000		3
132	14		0.993000		8
133	13		0.992000		3
134	15		0.994000		13
135	15		0.994000		6
136	14		0.993000		6
137	14		0.994000		5
138	15		0.994000		12
139	16		0.994000		4
140	16		0.994000		5
141	16		0.994000		6
142	14		0.994000		4
143	17		0.994000		6
144	14		0.993000		6
145	16		0.994000		7
146	14		0.994000		8
147	15		0.994000		3
148	15		0.993000		3
149	16		0.994000		8
150	16		0.994000		2
151	15		0.994000		5
152	15		0.994000		4
153	16		0.993000		6
154	16		0.993000		10
155	14		0.993000		6
156	15		0.993000		2
157	14		0.992000		5
158	14		0.993000		5
159	14		0.994000		8
160	14		0.993000		8
161	15		0.994000		12
162	15		0.994000		8
163	1 	  0.000000		0
164	15		0.994000		4
165	15		0.994000		2
166	15		0.994000		9
167	15		0.994000		8
168	14		0.994000		5
169	16		0.994000		8
170	15		0.994000		6
171	15		0.994000		3
172	17		0.994000		1
173	15		0.994000		4
174	17		0.994000		2
175	15		0.992000		1
176	15		0.993000		2
177	15		0.994000		4
178	15		0.994000		3
179	15		0.994000		5
180	15		0.994000		6
181	15		0.994000		7
182	15		0.992000		3
183	15		0.994000		5
184	16		0.994000		4
185	14		0.994000		6
186	15		0.993000		5
187	17		0.994000		5
188	16		0.994000		9
189	15		0.994000		2
190	16		0.994000		4
191	14		0.993000		7
192	15		0.994000		2
193	15		0.994000		7
194	15		0.994000		6
195	17		0.993000		2
196	15		0.993000		10
197	14		0.993000		5
198	15		0.994000		9
199	14		0.994000		2
200	16		0.994000		5
201	15		0.993000		6
202	15		0.994000		9
203	14		0.994000		4
204	15		0.994000		7
205	15		0.994000		4
206	14		0.993000		3
207	15		0.994000		4
208	15		0.994000		6
209	14		0.993000		4
210	14		0.994000		4
211	15		0.994000		4
212	15		0.994000		7
213	15		0.994000		5
214	16		0.994000		7
215	15		0.994000		3
216	15		0.992000		5
217	17		0.994000		2
218	15		0.993000		10
219	14		0.994000		5
220	14		0.992000		6
221	15		0.994000		7
222	15		0.994000		8
223	14		0.994000		5
224	16		0.994000		3
225	16		0.994000		10
226	15		0.994000		3
227	16		0.994000		3
228	15		0.994000		4
229	15		0.993000		4
230	14		0.992000		8
231	15		0.994000		4
232	14		0.993000		3
233	15		0.994000		4
234	14		0.991000		5
235	15		0.994000		5
236	14		0.994000		8
237	15		0.993000		3
238	16		0.994000		4
239	16		0.994000		4
240	14		0.991000		10
241	15		0.994000		5
242	15		0.994000		3
243	15		0.994000		5
244	15		0.994000		6
245	14		0.994000		7
246	15		0.993000		7
247	14		0.994000		7
248	15		0.994000		2
249	15		0.994000		3
250	14		0.994000		7
251	16		0.994000		2
252	14		0.994000		6
253	15		0.994000		2
254	16		0.994000		4
255	17		0.994000		2
256	14		0.993000		7
257	16		0.994000		1
258	15		0.994000		5
259	17		0.994000		2
260	14		0.993000		7
261	16		0.994000		5
262	14		0.993000		1
263	14		0.992000		7
264	15		0.994000		6
265	15		0.994000		7
266	16		0.994000		7
267	15		0.994000		6
268	15		0.994000		4
269	16		0.994000		5
270	15		0.994000		4
271	14		0.993000		4
272	15		0.994000		3
273	14		0.994000		5
274	16		0.994000		6
275	16		0.994000		3
276	15		0.994000		5
277	14		0.992000		5
278	15		0.993000		5
279	16		0.993000		2
280	14		0.994000		7
281	15		0.993000		7
282	16		0.994000		4
283	16		0.994000		4
284	15		0.994000		5
285	16		0.994000		6
286	16		0.994000		1
287	16		0.994000		5
288	15		0.994000		7
289	14		0.993000		5
290	16		0.994000		6
291	15		0.994000		4
292	17		0.994000		3
293	16		0.994000		7
294	16		0.994000		3
295	15		0.994000		3
296	15		0.994000		7
297	1 	  0.000000		0
298	14		0.993000		5
299	15		0.994000		3
300	16		0.994000		2
301	15		0.994000		4
302	15		0.994000		5
303	15		0.994000		7
304	14		0.993000		4
305	15		0.993000		6
306	16		0.994000		5
307	16		0.994000		6
308	16		0.994000		3
309	16		0.993000		2
310	15		0.994000		2
311	14		0.993000		3
312	14		0.994000		7
313	15		0.994000		4
314	15		0.994000		2
315	16		0.994000		2
316	14		0.994000		6
317	14		0.994000		6
318	16		0.994000		2
319	14		0.994000		7
320	15		0.994000		7
321	16		0.994000		2
322	14		0.994000		7
323	14		0.993000		4
324	18		0.994000		2
325	16		0.994000		3
326	16		0.993000		2
327	15		0.994000		6
328	14		0.994000		4
329	15		0.993000		3
330	15		0.994000		8
331	18		0.994000		7
332	16		0.994000		4
333	15		0.994000		5
334	15		0.994000		3
335	16		0.994000		3
336	16		0.994000		8
337	15		0.994000		3
338	14		0.993000		5
339	15		0.993000		5
340	16		0.994000		10
341	14		0.994000		8
342	14		0.994000		4
343	15		0.994000		5
344	15		0.993000		4
345	15		0.994000		5
346	14		0.994000		4
347	16		0.994000		7
348	14		0.994000		5
349	14		0.993000		3
350	16		0.994000		4
351	15		0.994000		3
352	14		0.993000		3
353	15		0.993000		1
354	14		0.993000		5
355	14		0.993000		4
356	15		0.994000		6
357	16		0.994000		2
358	15		0.994000		5
359	15		0.993000		3
360	16		0.994000		2
361	14		0.993000		7
362	15		0.994000		9
363	14		0.994000		5
364	14		0.994000		7
365	14		0.994000		6
366	15		0.994000		8
367	16		0.994000		5
368	16		0.994000		7
369	15		0.994000		8
370	15		0.994000		4
371	16		0.994000		6
372	16		0.993000		4
373	14		0.992000		10
374	15		0.994000		4
375	15		0.994000		4
376	15		0.994000		6
377	14		0.994000		7
378	16		0.994000		5
379	15		0.994000		4
380	15		0.994000		7
381	16		0.994000		4
382	15		0.994000		7
383	16		0.994000		5
384	16		0.993000		3
385	14		0.994000		3
386	14		0.994000		8
387	15		0.994000		4
388	15		0.994000		8
389	15		0.994000		5
390	16		0.994000		7
391	16		0.994000		3
392	16		0.994000		8
393	16		0.994000		2
394	14		0.994000		4
395	15		0.994000		7
396	15		0.994000		2
397	14		0.994000		12
398	14		0.993000		8
399	16		0.994000		2
400	14		0.993000		6
401	17		0.993000		3
402	14		0.994000		6
403	15		0.994000		4
404	15		0.994000		5
405	17		0.994000		9
406	16		0.994000		3
407	14		0.991000		3
408	15		0.994000		4
409	15		0.994000		6
410	16		0.994000		6
411	14		0.994000		7
412	15		0.994000		6
413	16		0.994000		4
414	15		0.994000		4
415	16		0.994000		3
416	16		0.994000		3
417	16		0.994000		4
418	16		0.994000		8
419	15		0.994000		5
420	15		0.994000		3
421	16		0.994000		6
422	15		0.994000		6
423	15		0.994000		3
424	15		0.993000		2
425	16		0.994000		1
426	14		0.993000		5
427	15		0.993000		5
428	13		0.994000		5
429	15		0.994000		9
430	15		0.993000		3
431	16		0.994000		4
432	15		0.994000		2
433	16		0.994000		2
434	15		0.994000		4
435	16		0.994000		6
436	16		0.994000		3
437	15		0.994000		6
438	15		0.994000		7
439	15		0.993000		11
440	16		0.994000		5
441	14		0.993000		4
442	15		0.993000		3
443	15		0.994000		4
444	14		0.994000		8
445	17		0.994000		1
446	16		0.994000		7
447	15		0.994000		12
448	16		0.994000		1
449	16		0.994000		5
450	14		0.994000		6
451	15		0.993000		5
452	16		0.994000		1
453	13		0.994000		6
454	15		0.994000		5
455	17		0.994000		3
456	15		0.994000		8
457	15		0.994000		3
458	17		0.994000		1
459	14		0.994000		5
460	14		0.994000		6
461	14		0.994000		4
462	15		0.994000		4
463	14		0.993000		5
464	14		0.993000		4
465	16		0.994000		1
466	15		0.994000		4
467	14		0.994000		5
468	16		0.994000		5
469	14		0.992000		6
470	15		0.994000		7
471	15		0.994000		5
472	15		0.994000		9
473	16		0.994000		2
474	1 	  0.000000		0
475	16		0.994000		2
476	16		0.994000		2
477	16		0.992000		3
478	14		0.994000		4
479	15		0.994000		2
480	15		0.994000		2
481	16		0.993000		2
482	14		0.992000		4
483	16		0.994000		1
484	14		0.994000		5
485	16		0.994000		1
486	16		0.994000		5
487	15		0.994000		6
488	16		0.994000		4
489	14		0.993000		5
490	16		0.994000		5
491	15		0.994000		6
492	14		0.994000		7
493	14		0.991000		5
494	15		0.994000		7
495	15		0.994000		4
496	13		0.993000		6
497	16		0.994000		5
498	16		0.994000		2
499	17		0.994000		3
500	16		0.994000		5
501	15		0.994000		3
502	15		0.993000		8
503	15		0.993000		4
504	15		0.994000		4
505	14		0.993000		6
506	17		0.994000		4
507	15		0.994000		3
508	16		0.994000		4
509	17		0.994000		3
510	16		0.994000		5
511	15		0.994000		9
512	15		0.993000		3
513	14		0.994000		4
514	15		0.994000		3
515	17		0.994000		2
516	15		0.994000		11
517	15		0.994000		8
518	15		0.993000		4
519	15		0.994000		8
520	14		0.994000		6
521	15		0.994000		4
522	16		0.994000		3
523	14		0.994000		6
524	15		0.994000		6
525	16		0.994000		6
526	1 	  0.000000		0
527	17		0.994000		4
528	15		0.994000		2
529	15		0.994000		3
530	14		0.992000		4
531	15		0.994000		6
532	15		0.994000		4
533	15		0.994000		6
534	14		0.993000		5
535	16		0.994000		3
536	15		0.994000		6
537	17		0.994000		9
538	14		0.994000		4
539	17		0.994000		6
540	15		0.994000		3
541	15		0.994000		6
542	15		0.994000		1
543	16		0.994000		5
544	16		0.994000		10
545	16		0.994000		8
546	15		0.994000		4
547	15		0.994000		7
548	14		0.994000		5
549	15		0.994000		6
550	16		0.994000		4
551	16		0.994000		5
552	16		0.994000		4
553	16		0.994000		3
554	16		0.994000		7
555	16		0.994000		4
556	14		0.994000		9
557	15		0.994000		9
558	16		0.994000		5
559	14		0.993000		7
560	14		0.992000		7
561	15		0.992000		3
562	17		0.994000		4
563	15		0.994000		4
564	14		0.994000		6
565	14		0.994000		5
566	15		0.994000		4
567	15		0.994000		2
568	15		0.994000		5
569	16		0.994000		7
570	15		0.994000		6
571	16		0.994000		5
572	16		0.994000		4
573	15		0.994000		6
574	15		0.994000		7
575	15		0.994000		5
576	14		0.994000		5
577	14		0.994000		7
578	15		0.994000		6
579	16		0.994000		9
580	15		0.994000		6
581	16		0.994000		3
582	14		0.993000		6
583	14		0.993000		9
584	15		0.994000		3
585	14		0.993000		4
586	15		0.994000		6
587	15		0.994000		6
588	15		0.994000		5
589	16		0.994000		5
590	14		0.993000		5
591	16		0.994000		9
592	15		0.994000		2
593	14		0.993000		10
594	15		0.994000		3
595	15		0.994000		7
596	15		0.993000		5
597	15		0.994000		3
598	14		0.994000		9
599	15		0.994000		5
600	14		0.994000		5
601	16		0.994000		8
602	15		0.994000		6
603	15		0.994000		5
604	15		0.994000		8
605	16		0.994000		3
606	15		0.994000		4
607	14		0.994000		8
608	15		0.994000		2
609	14		0.994000		3
610	15		0.994000		5
611	14		0.992000		6
612	14		0.993000		4
613	14		0.994000		7
614	14		0.992000		8
615	15		0.994000		6
616	15		0.994000		9
617	15		0.994000		4
618	14		0.993000		4
619	15		0.991000		3
620	16		0.993000		5
621	14		0.994000		6
622	14		0.994000		7
623	14		0.994000		7
624	15		0.994000		3
625	15		0.994000		8
626	15		0.993000		3
627	15		0.994000		5
628	16		0.994000		7
629	16		0.994000		3
630	16		0.994000		6
631	1 	  0.000000		0
632	14		0.994000		6
633	14		0.994000		6
634	14		0.994000		4
635	15		0.994000		5
636	15		0.994000		4
637	16		0.994000		4
638	15		0.994000		3
639	15		0.994000		6
640	15		0.993000		3
641	16		0.994000		5
642	14		0.992000		7
643	15		0.993000		3
644	17		0.994000		2
645	16		0.994000		7
646	16		0.992000		2
647	16		0.994000		1
648	16		0.994000		4
649	15		0.994000		7
650	15		0.994000		3
651	15		0.994000		6
652	14		0.993000		7
653	17		0.994000		2
654	14		0.993000		9
655	15		0.994000		6
656	15		0.994000		4
657	14		0.994000		6
658	15		0.994000		7
659	15		0.994000		5
660	16		0.994000		7
661	15		0.994000		5
662	16		0.994000		1
663	15		0.994000		4
664	14		0.994000		7
665	15		0.994000		6
666	15		0.994000		8
667	15		0.994000		2
668	15		0.994000		9
669	15		0.994000		7
670	14		0.993000		10
671	14		0.994000		5
672	14		0.993000		7
673	15		0.994000		9
674	17		0.994000		4
675	15		0.994000		9
676	14		0.994000		5
677	14		0.992000		3
678	16		0.993000		2
679	14		0.994000		4
680	16		0.994000		3
681	14		0.993000		4
682	15		0.994000		5
683	14		0.994000		9
684	15		0.994000		8
685	15		0.994000		5
686	15		0.994000		9
687	15		0.994000		4
688	15		0.994000		3
689	15		0.994000		3
690	14		0.993000		3
691	16		0.994000		4
692	15		0.994000		8
693	14		0.994000		9
694	15		0.994000		5
695	16		0.994000		5
696	16		0.994000		7
697	16		0.994000		5
698	15		0.994000		4
699	13		0.993000		7
700	16		0.994000		3
701	13		0.992000		6
702	15		0.994000		8
703	16		0.994000		6
704	15		0.994000		5
705	16		0.994000		6
706	16		0.994000		8
707	16		0.994000		6
708	15		0.994000		5
709	14		0.994000		6
710	17		0.994000		5
711	15		0.994000		4
712	14		0.992000		8
713	16		0.994000		3
714	16		0.994000		3
715	16		0.994000		7
716	17		0.994000		4
717	16		0.994000		4
718	17		0.994000		5
719	16		0.994000		4
720	15		0.994000		4
721	14		0.994000		5
722	16		0.994000		1
723	14		0.993000		4
724	15		0.994000		3
725	16		0.994000		6
726	14		0.994000		6
727	14		0.993000		3
728	14		0.993000		8
729	17		0.994000		5
730	15		0.994000		5
731	15		0.994000		8
732	15		0.994000		4
733	15		0.994000		7
734	14		0.993000		5
735	15		0.994000		3
736	15		0.993000		5
737	15		0.994000		5
738	15		0.994000		1
739	15		0.993000		7
740	16		0.994000		2
741	15		0.994000		9
742	16		0.993000		1
743	16		0.994000		2
744	15		0.994000		7
745	15		0.994000		9
746	16		0.994000		7
747	14		0.994000		4
748	15		0.994000		10
749	16		0.994000		3
750	15		0.994000		6
751	16		0.994000		1
752	16		0.994000		1
753	15		0.994000		4
754	16		0.993000		9
755	15		0.994000		5
756	17		0.994000		6
757	15		0.993000		2
758	14		0.994000		3
759	15		0.994000		3
760	15		0.994000		4
761	15		0.994000		5
762	15		0.994000		6
763	14		0.994000		6
764	16		0.994000		5
765	15		0.994000		6
766	16		0.994000		4
767	15		0.993000		8
768	15		0.994000		6
769	15		0.994000		4
770	15		0.994000		6
771	16		0.994000		1
772	17		0.993000		3
773	16		0.994000		7
774	15		0.993000		3
775	15		0.994000		2
776	16		0.994000		2
777	15		0.994000		5
778	15		0.994000		3
779	16		0.994000		2
780	17		0.994000		5
781	14		0.991000		6
782	16		0.994000		6
783	16		0.994000		5
784	15		0.994000		5
785	14		0.994000		6
786	16		0.994000		4
787	14		0.994000		7
788	15		0.994000		5
789	15		0.994000		4
790	15		0.993000		6
791	16		0.994000		4
792	15		0.994000		8
793	15		0.994000		6
794	16		0.994000		3
795	17		0.994000		3
796	14		0.993000		3
797	15		0.994000		6
798	14		0.994000		4
799	14		0.994000		8
800	15		0.993000		6
801	15		0.994000		5
802	15		0.994000		6
803	15		0.993000		1
804	15		0.994000		7
805	16		0.994000		8
806	15		0.994000		7
807	14		0.994000		3
808	15		0.994000		8
809	16		0.994000		2
810	16		0.994000		9
811	17		0.994000		4
812	13		0.992000		4
813	15		0.994000		3
814	14		0.994000		6
815	15		0.993000		2
816	1 	  0.000000		0
817	14		0.994000		7
818	14		0.993000		3
819	14		0.993000		4
820	13		0.994000		6
821	17		0.994000		2
822	15		0.994000		4
823	15		0.993000		2
824	16		0.994000		2
825	16		0.994000		7
826	15		0.994000		7
827	14		0.990000		6
828	15		0.994000		5
829	14		0.993000		7
830	15		0.994000		6
831	15		0.993000		2
832	15		0.994000		4
833	15		0.994000		5
834	14		0.994000		7
835	15		0.994000		6
836	14		0.993000		8
837	15		0.994000		3
838	15		0.994000		2
839	15		0.994000		4
840	14		0.994000		4
841	17		0.994000		4
842	15		0.994000		3
843	14		0.993000		5
844	15		0.994000		6
845	15		0.994000		2
846	14		0.994000		6
847	14		0.994000		7
848	15		0.994000		9
849	14		0.993000		3
850	14		0.992000		7
851	15		0.994000		4
852	16		0.993000		4
853	14		0.993000		3
854	15		0.994000		2
855	19		0.994000		1
856	17		0.994000		3
857	15		0.993000		7
858	14		0.994000		5
859	15		0.994000		6
860	15		0.994000		8
861	15		0.994000		8
862	17		0.992000		1
863	15		0.994000		8
864	14		0.994000		5
865	15		0.994000		3
866	14		0.994000		9
867	14		0.993000		5
868	16		0.994000		6
869	16		0.994000		5
870	16		0.994000		3
871	14		0.994000		6
872	16		0.994000		8
873	15		0.994000		5
874	15		0.993000		4
875	16		0.994000		5
876	14		0.992000		4
877	15		0.993000		8
878	17		0.994000		6
879	14		0.994000		7
880	16		0.994000		4
881	16		0.992000		1
882	15		0.994000		6
883	14		0.994000		4
884	14		0.993000		5
885	15		0.994000		10
886	15		0.992000		4
887	16		0.993000		5
888	15		0.994000		2
889	15		0.993000		2
890	15		0.994000		3
891	14		0.993000		6
892	14		0.993000		4
893	14		0.993000		6
894	15		0.994000		5
895	16		0.994000		5
896	14		0.994000		9
897	16		0.994000		2
898	15		0.994000		4
899	14		0.994000		7
900	16		0.994000		5
901	15		0.994000		5
902	16		0.994000		4
903	15		0.994000		5
904	15		0.994000		6
905	15		0.994000		5
906	14		0.994000		6
907	16		0.994000		5
908	15		0.994000		2
909	15		0.994000		9
910	15		0.992000		2
911	15		0.994000		4
912	14		0.994000		10
913	14		0.994000		4
914	13		0.989000		11
915	14		0.993000		8
916	14		0.994000		4
917	15		0.993000		8
918	14		0.994000		7
919	16		0.993000		3
920	16		0.994000		4
921	16		0.994000		5
922	16		0.994000		7
923	14		0.994000		6
924	14		0.994000		7
925	15		0.994000		4
926	14		0.994000		8
927	17		0.994000		2
928	15		0.994000		7
929	13		0.992000		6
930	14		0.994000		3
931	16		0.993000		1
932	15		0.994000		6
933	16		0.994000		5
934	15		0.994000		2
935	16		0.994000		6
936	13		0.993000		4
937	16		0.994000		3
938	16		0.994000		6
939	15		0.993000		2
940	16		0.994000		4
941	17		0.994000		4
942	15		0.994000		4
943	17		0.994000		1
944	16		0.994000		4
945	15		0.994000		7
946	15		0.994000		4
947	15		0.994000		4
948	15		0.992000		2
949	16		0.994000		6
950	17		0.994000		6
951	15		0.994000		4
952	16		0.994000		2
953	15		0.994000		12
954	15		0.994000		5
955	15		0.994000		5
956	16		0.994000		5
957	15		0.994000		5
958	15		0.994000		7
959	14		0.992000		3
960	15		0.994000		4
961	14		0.992000		6
962	14		0.993000		5
963	15		0.994000		4
964	14		0.994000		8
965	15		0.993000		9
966	15		0.994000		6
967	15		0.994000		4
968	15		0.994000		8
969	15		0.994000		6
970	15		0.994000		7
971	15		0.993000		2
972	14		0.994000		8
973	13		0.994000		6
974	15		0.994000		5
975	14		0.994000		4
976	15		0.994000		3
977	15		0.993000		8
978	15		0.994000		4
979	14		0.992000		7
980	15		0.994000		5
981	14		0.994000		3
982	16		0.994000		4
983	15		0.993000		7
984	15		0.994000		4
985	15		0.994000		8
986	15		0.994000		7
987	14		0.993000		7
988	15		0.992000		9
989	15		0.994000		5
990	16		0.994000		6
991	16		0.994000		4
992	15		0.994000		6
993	15		0.994000		4
994	14		0.993000		4
995	14		0.994000		9
996	18		0.994000		2
997	14		0.994000		4
998	15		0.994000		9
999	14		0.993000		5
